randomForest(90,'gini',0.5448096594153538,11,5,False,'balanced')
Fitness: 0.8752410098357567
Prediction: [1 1 1 ... 1 2 1]
